000000000000000
000010100110111
000101001101110
000111101011001
001000111101011
001010011011100
001101110000101
001111010110010
010001111010110
010011011100001
010100110111000
010110010001111
011001000111101
011011100001010
011100001010011
011110101100100
100001010011011
100011110101100
100100011110101
100110111000010
101001101110000
101011001000111
101100100011110
101110000101001
110000101001101
110010001111010
110101100100011
110111000010100
111000010100110
111010110010001
111101011001000
111111111111111
